[views/home]
version = 8.0.2
modtime = 1587541570.053706000

[views/content_inventory]
version = 8.0.2
modtime = 1588156312.868083000
